# @generated
algorithm,length,library,operation,primitive,profile,version,runs,iterations,UOPS_EXECUTED_PORT_PORT_0,UOPS_EXECUTED_PORT_PORT_1,UOPS_EXECUTED_PORT_PORT_5,cycles,tsc,tscp,usecs,cpu
aes256gcmdndkv2kc,,haberdashery,init,aead,skylakex,e7fc4f661caf38a56ca208074a04e8b21941d5ef234bf7a94dee581ffa586ac3,10,3143272,21.049527371477875,17.972876671188494,52.01619904354443,74.21345909612658,45.412184500736814,45.41459918199889,102225,IntelSkylakeX (06_55H)
aes256gcmdndkv2kc,0,haberdashery,encrypt,aead,skylakex,e7fc4f661caf38a56ca208074a04e8b21941d5ef234bf7a94dee581ffa586ac3,10,798357,127.7763882573836,51.77258294221758,119.09053092789316,283.14752297531055,168.30715582126794,168.3164599295804,96231,IntelSkylakeX (06_55H)
aes256gcmdndkv2kc,16,haberdashery,encrypt,aead,skylakex,e7fc4f661caf38a56ca208074a04e8b21941d5ef234bf7a94dee581ffa586ac3,10,678993,9.321784521342636,4.20955573179694,8.077077746015055,20.93115273279695,12.39943360977212,12.400215097946518,96471,IntelSkylakeX (06_55H)
aes256gcmdndkv2kc,32,haberdashery,encrypt,aead,skylakex,e7fc4f661caf38a56ca208074a04e8b21941d5ef234bf7a94dee581ffa586ac3,10,595090,5.152501669915475,2.305093504763985,4.414697251676217,11.882753869162647,7.0439564813725655,7.044372384849351,96062,IntelSkylakeX (06_55H)
aes256gcmdndkv2kc,48,haberdashery,encrypt,aead,skylakex,e7fc4f661caf38a56ca208074a04e8b21941d5ef234bf7a94dee581ffa586ac3,10,575158,3.779418908949077,1.7051104870313896,3.193615239928275,8.566638717824784,5.165062976897942,5.165358765185682,102119,IntelSkylakeX (06_55H)
aes256gcmdndkv2kc,64,haberdashery,encrypt,aead,skylakex,e7fc4f661caf38a56ca208074a04e8b21941d5ef234bf7a94dee581ffa586ac3,10,507025,3.089112777969528,1.399779781568956,2.5828094953404666,6.921081554163996,4.1682500246536165,4.168455943986983,96867,IntelSkylakeX (06_55H)
aes256gcmdndkv2kc,80,haberdashery,encrypt,aead,skylakex,e7fc4f661caf38a56ca208074a04e8b21941d5ef234bf7a94dee581ffa586ac3,10,453760,2.6398955119446406,1.211927891396333,2.2201528340973202,5.9505316687235545,3.520612328102962,3.520800974083216,91524,IntelSkylakeX (06_55H)
aes256gcmdndkv2kc,96,haberdashery,encrypt,aead,skylakex,e7fc4f661caf38a56ca208074a04e8b21941d5ef234bf7a94dee581ffa586ac3,10,586039,2.371912268210819,0.7639429891469112,1.727813923220127,4.079784223689322,2.4660290668937277,2.4661683849823417,99358,IntelSkylakeX (06_55H)
aes256gcmdndkv2kc,112,haberdashery,encrypt,aead,skylakex,e7fc4f661caf38a56ca208074a04e8b21941d5ef234bf7a94dee581ffa586ac3,10,474190,2.2039273550686436,0.7362981008215513,1.5829926144734028,4.134519428619631,2.4657185335594836,2.465853877137856,93784,IntelSkylakeX (06_55H)
aes256gcmdndkv2kc,128,haberdashery,encrypt,aead,skylakex,e7fc4f661caf38a56ca208074a04e8b21941d5ef234bf7a94dee581ffa586ac3,10,456238,2.08560634402987,0.6975323186582442,1.4774544241437584,3.851339463311912,2.4415126740319746,2.4416545955729245,102111,IntelSkylakeX (06_55H)
aes256gcmdndkv2kc,144,haberdashery,encrypt,aead,skylakex,e7fc4f661caf38a56ca208074a04e8b21941d5ef234bf7a94dee581ffa586ac3,10,402681,1.9372192773767158,0.6911261471376985,1.3981716882870339,3.641310763910446,2.228602134471483,2.228744651473499,92550,IntelSkylakeX (06_55H)
aes256gcmdndkv2kc,160,haberdashery,encrypt,aead,skylakex,e7fc4f661caf38a56ca208074a04e8b21941d5ef234bf7a94dee581ffa586ac3,10,405326,1.832566640802712,0.6599698606800452,1.335548361072322,3.5254408334279073,2.0767005447466977,2.0768208183042787,96455,IntelSkylakeX (06_55H)
aes256gcmdndkv2kc,176,haberdashery,encrypt,aead,skylakex,e7fc4f661caf38a56ca208074a04e8b21941d5ef234bf7a94dee581ffa586ac3,10,370806,1.7633795919012785,0.6436145181038063,1.2794861365879635,3.367326267889163,1.989210941227292,1.989320990196785,92974,IntelSkylakeX (06_55H)
aes256gcmdndkv2kc,192,haberdashery,encrypt,aead,skylakex,e7fc4f661caf38a56ca208074a04e8b21941d5ef234bf7a94dee581ffa586ac3,10,493682,1.6355914797717288,0.5703653870305176,1.140137707150892,2.4904737196717726,1.3969796093436666,1.3970619624576144,94830,IntelSkylakeX (06_55H)
aes256gcmdndkv2kc,208,haberdashery,encrypt,aead,skylakex,e7fc4f661caf38a56ca208074a04e8b21941d5ef234bf7a94dee581ffa586ac3,10,428302,1.591183234116258,0.5721580284112971,1.1084120909652895,2.611429439794997,1.4627309387732523,1.4628116914628535,93321,IntelSkylakeX (06_55H)
aes256gcmdndkv2kc,224,haberdashery,encrypt,aead,skylakex,e7fc4f661caf38a56ca208074a04e8b21941d5ef234bf7a94dee581ffa586ac3,10,423296,1.574665404266248,0.5616865600127166,1.0814789304816084,2.5746370658559763,1.452016606413884,1.4521044797426454,98598,IntelSkylakeX (06_55H)
aes256gcmdndkv2kc,240,haberdashery,encrypt,aead,skylakex,e7fc4f661caf38a56ca208074a04e8b21941d5ef234bf7a94dee581ffa586ac3,10,374698,1.5158851150348636,0.5697177015445327,1.0603658479628928,2.525965866733565,1.495307509870171,1.495413662024706,96302,IntelSkylakeX (06_55H)
aes256gcmdndkv2kc,256,haberdashery,encrypt,aead,skylakex,e7fc4f661caf38a56ca208074a04e8b21941d5ef234bf7a94dee581ffa586ac3,10,353610,1.4814192144947824,0.559007252870394,1.0425135566019061,2.5181018194479794,1.4624106536862644,1.4624963987514494,94807,IntelSkylakeX (06_55H)
aes256gcmdndkv2kc,384,haberdashery,encrypt,aead,skylakex,e7fc4f661caf38a56ca208074a04e8b21941d5ef234bf7a94dee581ffa586ac3,10,366599,1.2550790339035294,0.4676579305658226,0.8542610590863586,1.6878544190996156,0.9921723906775524,0.9922200273095854,100025,IntelSkylakeX (06_55H)
aes256gcmdndkv2kc,512,haberdashery,encrypt,aead,skylakex,e7fc4f661caf38a56ca208074a04e8b21941d5ef234bf7a94dee581ffa586ac3,10,273682,1.1767067724242917,0.4500721654716971,0.7926683757289482,1.624502045256904,0.9143417931212137,0.9143958019709005,91756,IntelSkylakeX (06_55H)
aes256gcmdndkv2kc,640,haberdashery,encrypt,aead,skylakex,e7fc4f661caf38a56ca208074a04e8b21941d5ef234bf7a94dee581ffa586ac3,10,238542,1.1183026403631227,0.43977529376378166,0.7608778144938837,1.5479428413025798,0.8723041173042902,0.8723490648397347,95377,IntelSkylakeX (06_55H)
aes256gcmdndkv2kc,768,haberdashery,encrypt,aead,skylakex,e7fc4f661caf38a56ca208074a04e8b21941d5ef234bf7a94dee581ffa586ac3,10,244373,1.0669417030182002,0.4142629172412664,0.7120590511652951,1.2938629762016807,0.7352062727879103,0.735245243695089,98819,IntelSkylakeX (06_55H)
aes256gcmdndkv2kc,896,haberdashery,encrypt,aead,skylakex,e7fc4f661caf38a56ca208074a04e8b21941d5ef234bf7a94dee581ffa586ac3,10,191413,1.047134553528981,0.41348475361055487,0.6962718131083051,1.3046843514229889,0.7341516492759486,0.7341926040998857,90171,IntelSkylakeX (06_55H)
aes256gcmdndkv2kc,1024,haberdashery,encrypt,aead,skylakex,e7fc4f661caf38a56ca208074a04e8b21941d5ef234bf7a94dee581ffa586ac3,10,184130,1.0264315632976702,0.4120448347889399,0.6884825185076441,1.288145364984997,0.7461582743000869,0.7461956014432738,100753,IntelSkylakeX (06_55H)
aes256gcmdndkv2kc,1152,haberdashery,encrypt,aead,skylakex,e7fc4f661caf38a56ca208074a04e8b21941d5ef234bf7a94dee581ffa586ac3,10,171580,1.0019067322418438,0.39906151548192614,0.6639511219661058,1.1493370186485734,0.6908496482042714,0.6908879057873878,97794,IntelSkylakeX (06_55H)
aes256gcmdndkv2kc,1280,haberdashery,encrypt,aead,skylakex,e7fc4f661caf38a56ca208074a04e8b21941d5ef234bf7a94dee581ffa586ac3,10,156061,0.9956560805950878,0.39818396832808967,0.6584627765745446,1.177366857951378,0.6647682937280935,0.6648074510928419,95099,IntelSkylakeX (06_55H)
aes256gcmdndkv2kc,1408,haberdashery,encrypt,aead,skylakex,e7fc4f661caf38a56ca208074a04e8b21941d5ef234bf7a94dee581ffa586ac3,10,152798,0.9851113637925413,0.3989824020483371,0.6552534795270405,1.1764061140882378,0.6770821960871691,0.6771155883614611,104317,IntelSkylakeX (06_55H)
aes256gcmdndkv2kc,1536,haberdashery,encrypt,aead,skylakex,e7fc4f661caf38a56ca208074a04e8b21941d5ef234bf7a94dee581ffa586ac3,10,139937,0.9705503218635886,0.3895339212169286,0.6400619583127883,1.082631120015912,0.6510304450991041,0.6510710232551077,100219,IntelSkylakeX (06_55H)
aes256gcmdndkv2kc,1664,haberdashery,encrypt,aead,skylakex,e7fc4f661caf38a56ca208074a04e8b21941d5ef234bf7a94dee581ffa586ac3,10,129298,0.968007491935743,0.39268509362539966,0.6378836062369934,1.1066221120307054,0.6404557428159398,0.6404941807803559,98682,IntelSkylakeX (06_55H)
aes256gcmdndkv2kc,1792,haberdashery,encrypt,aead,skylakex,e7fc4f661caf38a56ca208074a04e8b21941d5ef234bf7a94dee581ffa586ac3,10,111586,0.9634462202519646,0.3903674212042729,0.6371952102606318,1.1261508530175957,0.6466795769790629,0.6467375879686648,92618,IntelSkylakeX (06_55H)
aes256gcmdndkv2kc,1920,haberdashery,encrypt,aead,skylakex,e7fc4f661caf38a56ca208074a04e8b21941d5ef234bf7a94dee581ffa586ac3,10,114290,0.9525266181424447,0.3843578059833173,0.6257124511476653,1.0521217453043428,0.6028904358794879,0.6029213422725814,94748,IntelSkylakeX (06_55H)
aes256gcmdndkv2kc,2048,haberdashery,encrypt,aead,skylakex,e7fc4f661caf38a56ca208074a04e8b21941d5ef234bf7a94dee581ffa586ac3,10,110354,0.9504041441704084,0.38705658324573644,0.6257371872564655,1.065237466082165,0.610544142316998,0.6105734337053935,98818,IntelSkylakeX (06_55H)
aes256gcmdndkv2kc,2176,haberdashery,encrypt,aead,skylakex,e7fc4f661caf38a56ca208074a04e8b21941d5ef234bf7a94dee581ffa586ac3,10,99310,0.9463746310942562,0.38746283640205653,0.6249979824021039,1.0724761284850763,0.6327568587222423,0.6327949339412535,97927,IntelSkylakeX (06_55H)
aes256gcmdndkv2kc,2304,haberdashery,encrypt,aead,skylakex,e7fc4f661caf38a56ca208074a04e8b21941d5ef234bf7a94dee581ffa586ac3,10,96805,0.9385746699048488,0.38221765261206664,0.6168391210279542,1.0120321888504382,0.6232623555228437,0.6232999274744762,99551,IntelSkylakeX (06_55H)
aes256gcmdndkv2kc,2432,haberdashery,encrypt,aead,skylakex,e7fc4f661caf38a56ca208074a04e8b21941d5ef234bf7a94dee581ffa586ac3,10,89332,0.9427256693025072,0.378183727187405,0.6177694187280682,1.0606181735651397,0.6339082516991612,0.6339457467354187,98635,IntelSkylakeX (06_55H)
aes256gcmdndkv2kc,2560,haberdashery,encrypt,aead,skylakex,e7fc4f661caf38a56ca208074a04e8b21941d5ef234bf7a94dee581ffa586ac3,10,80619,0.9399580559871122,0.37866332009979037,0.6175433016720624,1.068289694426872,0.6438737689006314,0.6439118046769372,95172,IntelSkylakeX (06_55H)
aes256gcmdndkv2kc,2688,haberdashery,encrypt,aead,skylakex,e7fc4f661caf38a56ca208074a04e8b21941d5ef234bf7a94dee581ffa586ac3,10,81223,0.9295985647684828,0.3822331224867106,0.6093343042420544,0.9951432945043129,0.5965358341790357,0.5965698564739169,93272,IntelSkylakeX (06_55H)
aes256gcmdndkv2kc,2816,haberdashery,encrypt,aead,skylakex,e7fc4f661caf38a56ca208074a04e8b21941d5ef234bf7a94dee581ffa586ac3,10,82789,0.9299850158164952,0.3802213959309482,0.6099781814585601,1.0142643222804084,0.6025052546643768,0.6025420404033693,100593,IntelSkylakeX (06_55H)
aes256gcmdndkv2kc,2944,haberdashery,encrypt,aead,skylakex,e7fc4f661caf38a56ca208074a04e8b21941d5ef234bf7a94dee581ffa586ac3,10,72635,0.9279654629236115,0.3817455727116823,0.6105929251678284,1.0219206281182565,0.6062480545969873,0.6062849050194391,92844,IntelSkylakeX (06_55H)
aes256gcmdndkv2kc,3072,haberdashery,encrypt,aead,skylakex,e7fc4f661caf38a56ca208074a04e8b21941d5ef234bf7a94dee581ffa586ac3,10,79128,0.9234670934014086,0.3788928840968115,0.6053063927407702,0.9893719801039665,0.5671122280382208,0.5671446698703366,98727,IntelSkylakeX (06_55H)
aes256gcmdndkv2kc,3200,haberdashery,encrypt,aead,skylakex,e7fc4f661caf38a56ca208074a04e8b21941d5ef234bf7a94dee581ffa586ac3,10,71801,0.9243279602651774,0.37849525946713836,0.6053481105764543,0.9981571983677108,0.567139576746842,0.5671732723081852,93318,IntelSkylakeX (06_55H)
aes256gcmdndkv2kc,3328,haberdashery,encrypt,aead,skylakex,e7fc4f661caf38a56ca208074a04e8b21941d5ef234bf7a94dee581ffa586ac3,10,67890,0.9216843281552738,0.3795524319246632,0.6066275063521873,1.0049550469438684,0.574754649418743,0.5747867113231812,92998,IntelSkylakeX (06_55H)
aes256gcmdndkv2kc,3456,haberdashery,encrypt,aead,skylakex,e7fc4f661caf38a56ca208074a04e8b21941d5ef234bf7a94dee581ffa586ac3,10,71340,0.9174070407490473,0.3767381877602301,0.6008339084677964,0.9679274157594305,0.5456843986543314,0.5457134230705334,96354,IntelSkylakeX (06_55H)
aes256gcmdndkv2kc,3584,haberdashery,encrypt,aead,skylakex,e7fc4f661caf38a56ca208074a04e8b21941d5ef234bf7a94dee581ffa586ac3,10,62225,0.9183494832620673,0.3782506331429719,0.6021144733254893,0.984342046970958,0.5480282259800264,0.5480618471273604,87526,IntelSkylakeX (06_55H)
aes256gcmdndkv2kc,3712,haberdashery,encrypt,aead,skylakex,e7fc4f661caf38a56ca208074a04e8b21941d5ef234bf7a94dee581ffa586ac3,10,65994,0.9168803910334586,0.37778027822278515,0.6019910590748584,0.9910378395815502,0.5559393608013476,0.5559676908323954,97527,IntelSkylakeX (06_55H)
aes256gcmdndkv2kc,3840,haberdashery,encrypt,aead,skylakex,e7fc4f661caf38a56ca208074a04e8b21941d5ef234bf7a94dee581ffa586ac3,10,64112,0.9145690516855919,0.3738839964632206,0.5981946145027452,0.9626844509738166,0.5323703944529365,0.5324068540860786,93865,IntelSkylakeX (06_55H)
aes256gcmdndkv2kc,3968,haberdashery,encrypt,aead,skylakex,e7fc4f661caf38a56ca208074a04e8b21941d5ef234bf7a94dee581ffa586ac3,10,59515,0.913973414637947,0.37638407097153603,0.5983317730620906,0.9738307493299331,0.539132915461811,0.5391611764992832,91179,IntelSkylakeX (06_55H)
aes256gcmdndkv2kc,4096,haberdashery,encrypt,aead,skylakex,e7fc4f661caf38a56ca208074a04e8b21941d5ef234bf7a94dee581ffa586ac3,10,57905,0.912833178906992,0.3790877627889971,0.5974918972549327,0.9796935755831211,0.547508024323245,0.5475365007204689,92996,IntelSkylakeX (06_55H)
aes256gcmdndkv2kc,16384,haberdashery,encrypt,aead,skylakex,e7fc4f661caf38a56ca208074a04e8b21941d5ef234bf7a94dee581ffa586ac3,10,16530,0.8846454304200696,0.37029970218683833,0.5748976211870935,0.9043978396287053,0.5085133667361427,0.5085425144387099,98625,IntelSkylakeX (06_55H)
aes256gcmdndkv2kc,32768,haberdashery,encrypt,aead,skylakex,e7fc4f661caf38a56ca208074a04e8b21941d5ef234bf7a94dee581ffa586ac3,10,8314,0.8809022662557603,0.36595262459100425,0.5734366792481995,0.8976248235750691,0.4975511864282949,0.4975778131436808,97080,IntelSkylakeX (06_55H)
aes256gcmdndkv2kc,49152,haberdashery,encrypt,aead,skylakex,e7fc4f661caf38a56ca208074a04e8b21941d5ef234bf7a94dee581ffa586ac3,10,5512,0.8793507701945755,0.36545613680591776,0.571773091663643,0.8932000369222832,0.4973622300397617,0.4973870264947501,96505,IntelSkylakeX (06_55H)
aes256gcmdndkv2kc,65536,haberdashery,encrypt,aead,skylakex,e7fc4f661caf38a56ca208074a04e8b21941d5ef234bf7a94dee581ffa586ac3,10,4282,0.8775316690073455,0.36641263716803263,0.5710904096009185,0.8848496089188755,0.49022472511658544,0.4902523135203504,98520,IntelSkylakeX (06_55H)
aes256gcmdndkv2kc,81920,haberdashery,encrypt,aead,skylakex,e7fc4f661caf38a56ca208074a04e8b21941d5ef234bf7a94dee581ffa586ac3,10,3402,0.8792009805525702,0.3645142462728726,0.5707683547534079,0.8978101511691192,0.5110743464896568,0.5111035113191689,102015,IntelSkylakeX (06_55H)
aes256gcmdndkv2kc,98304,haberdashery,encrypt,aead,skylakex,e7fc4f661caf38a56ca208074a04e8b21941d5ef234bf7a94dee581ffa586ac3,10,2747,0.8767905090057999,0.36656710552136423,0.5699184710735575,0.8833272698116221,0.49832482529473443,0.49835167306095285,96377,IntelSkylakeX (06_55H)
aes256gcmdndkv2kc,114688,haberdashery,encrypt,aead,skylakex,e7fc4f661caf38a56ca208074a04e8b21941d5ef234bf7a94dee581ffa586ac3,10,2116,0.876515618472881,0.3672146592435082,0.5694955057818407,0.883194900994812,0.5196009962229737,0.5196373074433948,90308,IntelSkylakeX (06_55H)
aes256gcmdndkv2kc,131072,haberdashery,encrypt,aead,skylakex,e7fc4f661caf38a56ca208074a04e8b21941d5ef234bf7a94dee581ffa586ac3,10,1932,0.8768555500986166,0.36593150500185,0.5700564256119185,0.8852856677511464,0.5124515667711973,0.5124824397558998,92940,IntelSkylakeX (06_55H)
aes256gcmdndkv2kc,262144,haberdashery,encrypt,aead,skylakex,e7fc4f661caf38a56ca208074a04e8b21941d5ef234bf7a94dee581ffa586ac3,10,944,0.8813267037019892,0.36148376384023895,0.5700085971315029,0.9075060618125786,0.5348820201421188,0.5349129660654877,94799,IntelSkylakeX (06_55H)
aes256gcmdndkv2kc,393216,haberdashery,encrypt,aead,skylakex,e7fc4f661caf38a56ca208074a04e8b21941d5ef234bf7a94dee581ffa586ac3,10,623,0.8780630569907036,0.36423219749160857,0.5691217552091171,0.892425292184992,0.5247309456667586,0.5247678965920111,92065,IntelSkylakeX (06_55H)
aes256gcmdndkv2kc,524288,haberdashery,encrypt,aead,skylakex,e7fc4f661caf38a56ca208074a04e8b21941d5ef234bf7a94dee581ffa586ac3,10,493,0.8766836974973853,0.36541664092584264,0.5690089181277138,0.8901934169127056,0.5107143626493567,0.5107516739479668,94542,IntelSkylakeX (06_55H)
aes256gcmdndkv2kc,655360,haberdashery,encrypt,aead,skylakex,e7fc4f661caf38a56ca208074a04e8b21941d5ef234bf7a94dee581ffa586ac3,10,383,0.8753931030592159,0.3666154029786431,0.5687499840639278,0.8818170652065825,0.49611649874296265,0.4961541875535452,89188,IntelSkylakeX (06_55H)
aes256gcmdndkv2kc,786432,haberdashery,encrypt,aead,skylakex,e7fc4f661caf38a56ca208074a04e8b21941d5ef234bf7a94dee581ffa586ac3,10,351,0.8753572157871576,0.367933622905445,0.5673737086688239,0.8802723572125123,0.49370279339303996,0.4937355715325076,97603,IntelSkylakeX (06_55H)
aes256gcmdndkv2kc,917504,haberdashery,encrypt,aead,skylakex,e7fc4f661caf38a56ca208074a04e8b21941d5ef234bf7a94dee581ffa586ac3,10,291,0.8753376971522441,0.3688942820755477,0.5665073797406668,0.8806142942777848,0.5132078115531611,0.5132477450850669,98139,IntelSkylakeX (06_55H)
aes256gcmdndkv2kc,1048576,haberdashery,encrypt,aead,skylakex,e7fc4f661caf38a56ca208074a04e8b21941d5ef234bf7a94dee581ffa586ac3,10,244,0.8762491101124248,0.3671095605756416,0.5674197361117503,0.886604410703065,0.49556614922695474,0.495598488166684,90817,IntelSkylakeX (06_55H)
aes256gcmdndkv2kc,0,haberdashery,decrypt,aead,skylakex,e7fc4f661caf38a56ca208074a04e8b21941d5ef234bf7a94dee581ffa586ac3,10,850146,131.66689251022765,56.47174367696843,120.4242118412602,285.533895354445,162.22246061264772,162.23037689996778,98771,IntelSkylakeX (06_55H)
aes256gcmdndkv2kc,16,haberdashery,decrypt,aead,skylakex,e7fc4f661caf38a56ca208074a04e8b21941d5ef234bf7a94dee581ffa586ac3,10,741442,9.43793159141241,4.558909108871632,8.850873028503916,20.532287758179333,11.517110576417306,11.517727280083944,97846,IntelSkylakeX (06_55H)
aes256gcmdndkv2kc,32,haberdashery,decrypt,aead,skylakex,e7fc4f661caf38a56ca208074a04e8b21941d5ef234bf7a94dee581ffa586ac3,10,691874,5.138326622694305,2.5883937591960384,4.827904945481403,11.22124209935624,6.430045156343496,6.430361597631939,101948,IntelSkylakeX (06_55H)
aes256gcmdndkv2kc,48,haberdashery,decrypt,aead,skylakex,e7fc4f661caf38a56ca208074a04e8b21941d5ef234bf7a94dee581ffa586ac3,10,633323,3.7332118971414796,1.9513815751730685,3.497834339665542,7.991125249938288,4.472593566000287,4.47282995143605,97368,IntelSkylakeX (06_55H)
aes256gcmdndkv2kc,64,haberdashery,decrypt,aead,skylakex,e7fc4f661caf38a56ca208074a04e8b21941d5ef234bf7a94dee581ffa586ac3,10,578068,3.0236691174308215,1.6383582900281628,2.839302534476913,6.498630567684079,3.6300447676570924,3.6302386786675616,96178,IntelSkylakeX (06_55H)
aes256gcmdndkv2kc,80,haberdashery,decrypt,aead,skylakex,e7fc4f661caf38a56ca208074a04e8b21941d5ef234bf7a94dee581ffa586ac3,10,518223,2.582864640318936,1.4380960995555967,2.4080281558325276,5.588484132313695,3.196844408681205,3.197022083157251,94914,IntelSkylakeX (06_55H)
aes256gcmdndkv2kc,96,haberdashery,decrypt,aead,skylakex,e7fc4f661caf38a56ca208074a04e8b21941d5ef234bf7a94dee581ffa586ac3,10,597166,2.2997342342832647,1.0275403251915436,1.868809614914446,4.025885913632055,2.430359292893433,2.4304918286260997,99782,IntelSkylakeX (06_55H)
aes256gcmdndkv2kc,112,haberdashery,decrypt,aead,skylakex,e7fc4f661caf38a56ca208074a04e8b21941d5ef234bf7a94dee581ffa586ac3,10,548839,2.1042234803180637,0.9812753440834718,1.7380790079474255,3.7659727104461806,2.2746218771416964,2.274754787573665,100138,IntelSkylakeX (06_55H)
aes256gcmdndkv2kc,128,haberdashery,decrypt,aead,skylakex,e7fc4f661caf38a56ca208074a04e8b21941d5ef234bf7a94dee581ffa586ac3,10,529686,1.9605070710524726,0.9498800055598977,1.6518657840446982,3.5359340693118186,1.9816675882031995,1.9817874115513718,96221,IntelSkylakeX (06_55H)
aes256gcmdndkv2kc,144,haberdashery,decrypt,aead,skylakex,e7fc4f661caf38a56ca208074a04e8b21941d5ef234bf7a94dee581ffa586ac3,10,488114,1.8458851597964592,0.928063423708396,1.5559384920553623,3.384385372975257,1.9937080955132067,1.9938471226894627,100363,IntelSkylakeX (06_55H)
aes256gcmdndkv2kc,160,haberdashery,decrypt,aead,skylakex,e7fc4f661caf38a56ca208074a04e8b21941d5ef234bf7a94dee581ffa586ac3,10,408680,1.748929220294607,0.9000887613780953,1.4804813056670256,3.199111560389547,1.9630264815992953,1.9631643033669375,91933,IntelSkylakeX (06_55H)
aes256gcmdndkv2kc,176,haberdashery,decrypt,aead,skylakex,e7fc4f661caf38a56ca208074a04e8b21941d5ef234bf7a94dee581ffa586ac3,10,410469,1.6785137439235251,0.8973459600204555,1.425853801604772,3.093027676323248,1.764049200703674,1.7641622642746357,91266,IntelSkylakeX (06_55H)
aes256gcmdndkv2kc,192,haberdashery,decrypt,aead,skylakex,e7fc4f661caf38a56ca208074a04e8b21941d5ef234bf7a94dee581ffa586ac3,10,516462,1.5743177055298034,0.6928074552596964,1.2414175276528896,2.4493988162891625,1.3873312759054233,1.3874169751759728,98527,IntelSkylakeX (06_55H)
aes256gcmdndkv2kc,208,haberdashery,decrypt,aead,skylakex,e7fc4f661caf38a56ca208074a04e8b21941d5ef234bf7a94dee581ffa586ac3,10,480675,1.5257490168072942,0.6873384383339134,1.2171216658465058,2.4589071057927354,1.4018361198794964,1.4019081740021044,100384,IntelSkylakeX (06_55H)
aes256gcmdndkv2kc,224,haberdashery,decrypt,aead,skylakex,e7fc4f661caf38a56ca208074a04e8b21941d5ef234bf7a94dee581ffa586ac3,10,399017,1.4903576208174445,0.6890228495456155,1.1978622285695668,2.43678385391027,1.3884166544640597,1.3884909441738786,88875,IntelSkylakeX (06_55H)
aes256gcmdndkv2kc,240,haberdashery,decrypt,aead,skylakex,e7fc4f661caf38a56ca208074a04e8b21941d5ef234bf7a94dee581ffa586ac3,10,398546,1.4427746629832776,0.6879810297932987,1.1717237366159323,2.3443886652983594,1.3384063152894103,1.338495117251208,91684,IntelSkylakeX (06_55H)
aes256gcmdndkv2kc,256,haberdashery,decrypt,aead,skylakex,e7fc4f661caf38a56ca208074a04e8b21941d5ef234bf7a94dee581ffa586ac3,10,343395,1.4098576916706709,0.6802218359141805,1.148134857907803,2.345288998456588,1.322206296684576,1.322282557259133,83245,IntelSkylakeX (06_55H)
aes256gcmdndkv2kc,384,haberdashery,decrypt,aead,skylakex,e7fc4f661caf38a56ca208074a04e8b21941d5ef234bf7a94dee581ffa586ac3,10,384144,1.2241730829888444,0.5281748863490427,0.9146613761701341,1.6620242086409436,0.9764611247127813,0.9765096498101407,103151,IntelSkylakeX (06_55H)
aes256gcmdndkv2kc,512,haberdashery,decrypt,aead,skylakex,e7fc4f661caf38a56ca208074a04e8b21941d5ef234bf7a94dee581ffa586ac3,10,286736,1.1438559977100016,0.5116345452567868,0.8552222116990891,1.5572026484074202,0.8909157182042018,0.8909889835510714,93678,IntelSkylakeX (06_55H)
aes256gcmdndkv2kc,640,haberdashery,decrypt,aead,skylakex,e7fc4f661caf38a56ca208074a04e8b21941d5ef234bf7a94dee581ffa586ac3,10,245043,1.0927023777459466,0.4861450528580698,0.8188688375611627,1.4927025626624715,0.8527307579690095,0.8527836823537094,95776,IntelSkylakeX (06_55H)
aes256gcmdndkv2kc,768,haberdashery,decrypt,aead,skylakex,e7fc4f661caf38a56ca208074a04e8b21941d5ef234bf7a94dee581ffa586ac3,10,243123,1.0497634502820246,0.4435625445162188,0.7517115875589037,1.2682453353943615,0.7360828975114105,0.7361215439304385,98429,IntelSkylakeX (06_55H)
aes256gcmdndkv2kc,896,haberdashery,decrypt,aead,skylakex,e7fc4f661caf38a56ca208074a04e8b21941d5ef234bf7a94dee581ffa586ac3,10,206751,1.0279354161441265,0.450423089161082,0.7408449602852154,1.2619714019780177,0.7385274026140485,0.7385661504832935,97977,IntelSkylakeX (06_55H)
aes256gcmdndkv2kc,1024,haberdashery,decrypt,aead,skylakex,e7fc4f661caf38a56ca208074a04e8b21941d5ef234bf7a94dee581ffa586ac3,10,178670,1.008879667954539,0.4429607809614093,0.7266365333523395,1.2378138314525382,0.7205737183074943,0.7206102075404377,94417,IntelSkylakeX (06_55H)
aes256gcmdndkv2kc,1152,haberdashery,decrypt,aead,skylakex,e7fc4f661caf38a56ca208074a04e8b21941d5ef234bf7a94dee581ffa586ac3,10,184465,0.991421480324482,0.4178062845782247,0.6987650331514259,1.1401133523899445,0.6539643831109183,0.654004297713809,99525,IntelSkylakeX (06_55H)
aes256gcmdndkv2kc,1280,haberdashery,decrypt,aead,skylakex,e7fc4f661caf38a56ca208074a04e8b21941d5ef234bf7a94dee581ffa586ac3,10,155776,0.9821819170636041,0.4236882406468262,0.6954838096850606,1.1499009294596088,0.6751880003177639,0.67522227429129,96419,IntelSkylakeX (06_55H)
aes256gcmdndkv2kc,1408,haberdashery,decrypt,aead,skylakex,e7fc4f661caf38a56ca208074a04e8b21941d5ef234bf7a94dee581ffa586ac3,10,140175,0.9721011681826288,0.41955176767676766,0.6895404435608087,1.1414797199523323,0.6895524060833049,0.6895923520923521,97466,IntelSkylakeX (06_55H)
aes256gcmdndkv2kc,1536,haberdashery,decrypt,aead,skylakex,e7fc4f661caf38a56ca208074a04e8b21941d5ef234bf7a94dee581ffa586ac3,10,137335,0.9623891662419145,0.4040559940868436,0.6692794279271489,1.0724075709032657,0.6136043365675173,0.6136377952785768,92696,IntelSkylakeX (06_55H)
aes256gcmdndkv2kc,1664,haberdashery,decrypt,aead,skylakex,e7fc4f661caf38a56ca208074a04e8b21941d5ef234bf7a94dee581ffa586ac3,10,134028,0.9576527296391569,0.4059680599533163,0.6711153953407555,1.0782016379757617,0.6357208600642575,0.6357555740361945,101537,IntelSkylakeX (06_55H)
aes256gcmdndkv2kc,1792,haberdashery,decrypt,aead,skylakex,e7fc4f661caf38a56ca208074a04e8b21941d5ef234bf7a94dee581ffa586ac3,10,115531,0.9521300936777018,0.4066029172210427,0.6677118471294655,1.0915315893492408,0.6340461766909808,0.63408112788528,94019,IntelSkylakeX (06_55H)
aes256gcmdndkv2kc,1920,haberdashery,decrypt,aead,skylakex,e7fc4f661caf38a56ca208074a04e8b21941d5ef234bf7a94dee581ffa586ac3,10,115894,0.9449291486185653,0.39537740305796676,0.653801421809297,1.0355028130950121,0.5824762911942523,0.5825075697764048,92822,IntelSkylakeX (06_55H)
aes256gcmdndkv2kc,2048,haberdashery,decrypt,aead,skylakex,e7fc4f661caf38a56ca208074a04e8b21941d5ef234bf7a94dee581ffa586ac3,10,111057,0.9430716215828359,0.39930735086346425,0.6540890530876037,1.0512045704148545,0.6099008156425304,0.6099332982584393,99354,IntelSkylakeX (06_55H)
aes256gcmdndkv2kc,2176,haberdashery,decrypt,aead,skylakex,e7fc4f661caf38a56ca208074a04e8b21941d5ef234bf7a94dee581ffa586ac3,10,97695,0.9376325262371186,0.40036858315796764,0.6530141075315432,1.0477331771223766,0.5820562588999979,0.5820893751712262,88613,IntelSkylakeX (06_55H)
aes256gcmdndkv2kc,2304,haberdashery,decrypt,aead,skylakex,e7fc4f661caf38a56ca208074a04e8b21941d5ef234bf7a94dee581ffa586ac3,10,89947,0.9335880705366,0.3903118912310089,0.6425058047300695,1.0112308324624502,0.5972200315031198,0.5972551119609943,88639,IntelSkylakeX (06_55H)
aes256gcmdndkv2kc,2432,haberdashery,decrypt,aead,skylakex,e7fc4f661caf38a56ca208074a04e8b21941d5ef234bf7a94dee581ffa586ac3,10,90825,0.9330240793457633,0.39375428727164735,0.6437378580120823,1.0316503868051632,0.6196974825068452,0.6197333199327799,98032,IntelSkylakeX (06_55H)
aes256gcmdndkv2kc,2560,haberdashery,decrypt,aead,skylakex,e7fc4f661caf38a56ca208074a04e8b21941d5ef234bf7a94dee581ffa586ac3,10,83829,0.9295311269817128,0.3941451682890169,0.6432160959736487,1.02940240511935,0.5789220000685921,0.5789600798202292,88979,IntelSkylakeX (06_55H)
aes256gcmdndkv2kc,2688,haberdashery,decrypt,aead,skylakex,e7fc4f661caf38a56ca208074a04e8b21941d5ef234bf7a94dee581ffa586ac3,10,86137,0.9260054546273738,0.38515227178934774,0.6341075412396753,0.9939452549496179,0.5597392660612082,0.5597729195379233,92819,IntelSkylakeX (06_55H)
aes256gcmdndkv2kc,2816,haberdashery,decrypt,aead,skylakex,e7fc4f661caf38a56ca208074a04e8b21941d5ef234bf7a94dee581ffa586ac3,10,81764,0.9236536257621714,0.39082839424079724,0.6356124922379154,0.999441887349845,0.5732253751512112,0.57325484779365,94518,IntelSkylakeX (06_55H)
aes256gcmdndkv2kc,2944,haberdashery,decrypt,aead,skylakex,e7fc4f661caf38a56ca208074a04e8b21941d5ef234bf7a94dee581ffa586ac3,10,75723,0.9217333716379895,0.3906572569775193,0.6369245043002844,1.0082105648289619,0.587058904336113,0.5871000924278362,93743,IntelSkylakeX (06_55H)
aes256gcmdndkv2kc,3072,haberdashery,decrypt,aead,skylakex,e7fc4f661caf38a56ca208074a04e8b21941d5ef234bf7a94dee581ffa586ac3,10,73995,0.9208968229835349,0.3843523835718067,0.625958750028155,0.9833686987226051,0.5727506750174561,0.5728312072747033,93248,IntelSkylakeX (06_55H)
aes256gcmdndkv2kc,3200,haberdashery,decrypt,aead,skylakex,e7fc4f661caf38a56ca208074a04e8b21941d5ef234bf7a94dee581ffa586ac3,10,71653,0.9180146461069321,0.38687545357486774,0.6303406870612536,0.9865425994026767,0.5644083988109361,0.5644414051051596,92681,IntelSkylakeX (06_55H)
aes256gcmdndkv2kc,3328,haberdashery,decrypt,aead,skylakex,e7fc4f661caf38a56ca208074a04e8b21941d5ef234bf7a94dee581ffa586ac3,10,72684,0.9184236506989688,0.38862019085249955,0.6285350228848905,0.993672660638729,0.5782573398600052,0.5782914872810861,100170,IntelSkylakeX (06_55H)
aes256gcmdndkv2kc,3456,haberdashery,decrypt,aead,skylakex,e7fc4f661caf38a56ca208074a04e8b21941d5ef234bf7a94dee581ffa586ac3,10,70764,0.9157272994795429,0.3816905930275281,0.6214028842872605,0.9693626789529411,0.5579874784625788,0.5580217113169074,97726,IntelSkylakeX (06_55H)
aes256gcmdndkv2kc,3584,haberdashery,decrypt,aead,skylakex,e7fc4f661caf38a56ca208074a04e8b21941d5ef234bf7a94dee581ffa586ac3,10,67641,0.9155196537536934,0.38338277453367253,0.6247221536375339,0.9880605222529869,0.5702831218834942,0.5703157504852298,99012,IntelSkylakeX (06_55H)
aes256gcmdndkv2kc,3712,haberdashery,decrypt,aead,skylakex,e7fc4f661caf38a56ca208074a04e8b21941d5ef234bf7a94dee581ffa586ac3,10,59365,0.9118684008849404,0.38459727881574246,0.6268211007225899,0.9787186571531467,0.5442409447543979,0.5442741899180116,85890,IntelSkylakeX (06_55H)
aes256gcmdndkv2kc,3840,haberdashery,decrypt,aead,skylakex,e7fc4f661caf38a56ca208074a04e8b21941d5ef234bf7a94dee581ffa586ac3,10,63915,0.910126543390962,0.3785202881757021,0.620671008370492,0.9568193271010978,0.534210246681791,0.5342389713551853,93898,IntelSkylakeX (06_55H)
aes256gcmdndkv2kc,3968,haberdashery,decrypt,aead,skylakex,e7fc4f661caf38a56ca208074a04e8b21941d5ef234bf7a94dee581ffa586ac3,10,61790,0.9111746863726775,0.3829450501242502,0.6239844023265587,0.9740515277748775,0.5470779425238451,0.5471134833645699,96064,IntelSkylakeX (06_55H)
aes256gcmdndkv2kc,4096,haberdashery,decrypt,aead,skylakex,e7fc4f661caf38a56ca208074a04e8b21941d5ef234bf7a94dee581ffa586ac3,10,61427,0.9094333231671333,0.3816513624658131,0.6228426779385999,0.9771010743697804,0.5541742987356943,0.5542039245389853,99857,IntelSkylakeX (06_55H)
aes256gcmdndkv2kc,16384,haberdashery,decrypt,aead,skylakex,e7fc4f661caf38a56ca208074a04e8b21941d5ef234bf7a94dee581ffa586ac3,10,16219,0.8848018344009149,0.3681878496152757,0.5956032612635547,0.9107466679523726,0.515937570446891,0.515964981512809,98189,IntelSkylakeX (06_55H)
aes256gcmdndkv2kc,32768,haberdashery,decrypt,aead,skylakex,e7fc4f661caf38a56ca208074a04e8b21941d5ef234bf7a94dee581ffa586ac3,10,8462,0.8798735007076673,0.36510498003597885,0.5915436101168274,0.8910743859439165,0.497540395723621,0.4975661744577782,98802,IntelSkylakeX (06_55H)
aes256gcmdndkv2kc,49152,haberdashery,decrypt,aead,skylakex,e7fc4f661caf38a56ca208074a04e8b21941d5ef234bf7a94dee581ffa586ac3,10,5560,0.8780386981918371,0.36564261896147143,0.5884539194816022,0.8847427221796781,0.49348705849773306,0.49351235076392014,96581,IntelSkylakeX (06_55H)
aes256gcmdndkv2kc,65536,haberdashery,decrypt,aead,skylakex,e7fc4f661caf38a56ca208074a04e8b21941d5ef234bf7a94dee581ffa586ac3,10,3716,0.8774009187203562,0.36483061249469145,0.5890719533864854,0.8855781801550201,0.5575869984211013,0.5576208995412574,97248,IntelSkylakeX (06_55H)
aes256gcmdndkv2kc,81920,haberdashery,decrypt,aead,skylakex,e7fc4f661caf38a56ca208074a04e8b21941d5ef234bf7a94dee581ffa586ac3,10,2985,0.8783081545422424,0.3638981651421168,0.5879397925499895,0.8929784501936767,0.5237052858694514,0.523736169454041,91718,IntelSkylakeX (06_55H)
aes256gcmdndkv2kc,98304,haberdashery,decrypt,aead,skylakex,e7fc4f661caf38a56ca208074a04e8b21941d5ef234bf7a94dee581ffa586ac3,10,2739,0.8766464784920934,0.3655945916121874,0.5864570230495847,0.8825356951301894,0.5090869663550034,0.5091155935294207,98171,IntelSkylakeX (06_55H)
aes256gcmdndkv2kc,114688,haberdashery,decrypt,aead,skylakex,e7fc4f661caf38a56ca208074a04e8b21941d5ef234bf7a94dee581ffa586ac3,10,2000,0.876779061453683,0.3650361328125,0.5870650503976005,0.8864740513392857,0.5327623726981027,0.5328003888811383,87523,IntelSkylakeX (06_55H)
aes256gcmdndkv2kc,131072,haberdashery,decrypt,aead,skylakex,e7fc4f661caf38a56ca208074a04e8b21941d5ef234bf7a94dee581ffa586ac3,10,1983,0.8764340530064632,0.36511115431485003,0.5865539958605668,0.882491292102254,0.5111058052897874,0.5111400779304754,95142,IntelSkylakeX (06_55H)
aes256gcmdndkv2kc,262144,haberdashery,decrypt,aead,skylakex,e7fc4f661caf38a56ca208074a04e8b21941d5ef234bf7a94dee581ffa586ac3,10,979,0.8759348580006803,0.365812100964742,0.5851182518745711,0.8813918662144288,0.5187845200878607,0.5188187471570959,95355,IntelSkylakeX (06_55H)
aes256gcmdndkv2kc,393216,haberdashery,decrypt,aead,skylakex,e7fc4f661caf38a56ca208074a04e8b21941d5ef234bf7a94dee581ffa586ac3,10,623,0.8755798870513246,0.3629232521934775,0.5875164989228552,0.8804590665063098,0.5096328759844001,0.5096737946846576,89418,IntelSkylakeX (06_55H)
aes256gcmdndkv2kc,524288,haberdashery,decrypt,aead,skylakex,e7fc4f661caf38a56ca208074a04e8b21941d5ef234bf7a94dee581ffa586ac3,10,463,0.8758606591440946,0.3645994833169694,0.585660975643677,0.8832001902372224,0.5160869161717062,0.5161205810810526,89726,IntelSkylakeX (06_55H)
aes256gcmdndkv2kc,655360,haberdashery,decrypt,aead,skylakex,e7fc4f661caf38a56ca208074a04e8b21941d5ef234bf7a94dee581ffa586ac3,10,400,0.8755404739379883,0.36498892974853514,0.5855818710327149,0.882861759185791,0.4973535308837891,0.4973890838623047,93377,IntelSkylakeX (06_55H)
aes256gcmdndkv2kc,786432,haberdashery,decrypt,aead,skylakex,e7fc4f661caf38a56ca208074a04e8b21941d5ef234bf7a94dee581ffa586ac3,10,350,0.8754751695905413,0.3648370797293527,0.5856200481596447,0.8808913094656808,0.4885109383719308,0.4885451834542411,96300,IntelSkylakeX (06_55H)
aes256gcmdndkv2kc,917504,haberdashery,decrypt,aead,skylakex,e7fc4f661caf38a56ca208074a04e8b21941d5ef234bf7a94dee581ffa586ac3,10,279,0.8755175214026197,0.36489542361961164,0.5854642118970614,0.8813838499726483,0.5040284765725006,0.504073729468686,92408,IntelSkylakeX (06_55H)
aes256gcmdndkv2kc,1048576,haberdashery,decrypt,aead,skylakex,e7fc4f661caf38a56ca208074a04e8b21941d5ef234bf7a94dee581ffa586ac3,10,264,0.8755146265029907,0.3651160110126842,0.5855416781974562,0.8809080412893584,0.4933353770862926,0.4933674624471953,97806,IntelSkylakeX (06_55H)
aes256gcmdndkv2kc,0,haberdashery,aad,aead,skylakex,e7fc4f661caf38a56ca208074a04e8b21941d5ef234bf7a94dee581ffa586ac3,10,802259,128.10516055288878,51.643384493037786,119.08496757281625,282.682536437734,159.10278850097038,159.11146151055956,91411,IntelSkylakeX (06_55H)
aes256gcmdndkv2kc,16,haberdashery,aad,aead,skylakex,e7fc4f661caf38a56ca208074a04e8b21941d5ef234bf7a94dee581ffa586ac3,10,783333,8.207089449825299,3.427554357469939,8.352865894836551,18.53233083822589,10.450825191840508,10.451393915486772,93803,IntelSkylakeX (06_55H)
aes256gcmdndkv2kc,32,haberdashery,aad,aead,skylakex,e7fc4f661caf38a56ca208074a04e8b21941d5ef234bf7a94dee581ffa586ac3,10,757860,4.202832523487188,1.8899395996622068,4.362270076267384,9.706550640949516,5.453868870899639,5.454164027656823,94725,IntelSkylakeX (06_55H)
aes256gcmdndkv2kc,48,haberdashery,aad,aead,skylakex,e7fc4f661caf38a56ca208074a04e8b21941d5ef234bf7a94dee581ffa586ac3,10,673709,2.8702628533486516,1.3456163009548634,3.12051129147253,6.815620288828955,3.931500964560861,3.9317260246387287,91048,IntelSkylakeX (06_55H)
aes256gcmdndkv2kc,64,haberdashery,aad,aead,skylakex,e7fc4f661caf38a56ca208074a04e8b21941d5ef234bf7a94dee581ffa586ac3,10,676846,2.189704318818461,1.0216438405117265,2.501179459581648,5.61179645646868,3.3657996058187534,3.3659801768053588,104415,IntelSkylakeX (06_55H)
aes256gcmdndkv2kc,80,haberdashery,aad,aead,skylakex,e7fc4f661caf38a56ca208074a04e8b21941d5ef234bf7a94dee581ffa586ac3,10,621999,1.7861820316431376,0.870240567107021,2.138381934697644,4.81348312055164,2.7795237612922206,2.779699002731516,99051,IntelSkylakeX (06_55H)
aes256gcmdndkv2kc,96,haberdashery,aad,aead,skylakex,e7fc4f661caf38a56ca208074a04e8b21941d5ef234bf7a94dee581ffa586ac3,10,659384,1.4649792457809108,0.7169836102079112,1.6312475292596322,3.432827030607355,2.15157511910106,2.1517070604281168,97540,IntelSkylakeX (06_55H)
aes256gcmdndkv2kc,112,haberdashery,aad,aead,skylakex,e7fc4f661caf38a56ca208074a04e8b21941d5ef234bf7a94dee581ffa586ac3,10,642501,1.2835201118086086,0.6636108765367125,1.4728373546722662,3.045901179253306,1.8188932224007657,1.8190182083096258,93738,IntelSkylakeX (06_55H)
aes256gcmdndkv2kc,128,haberdashery,aad,aead,skylakex,e7fc4f661caf38a56ca208074a04e8b21941d5ef234bf7a94dee581ffa586ac3,10,625613,1.1524121766371542,0.6067260231165273,1.3779963361934615,2.8860026710802047,1.6793853838155537,1.6794681526358948,96308,IntelSkylakeX (06_55H)
aes256gcmdndkv2kc,144,haberdashery,aad,aead,skylakex,e7fc4f661caf38a56ca208074a04e8b21941d5ef234bf7a94dee581ffa586ac3,10,580659,1.0593041818768751,0.5601945017069686,1.2966219320538293,2.7658739299275097,1.5835778113029046,1.5836721485607061,94825,IntelSkylakeX (06_55H)
aes256gcmdndkv2kc,160,haberdashery,aad,aead,skylakex,e7fc4f661caf38a56ca208074a04e8b21941d5ef234bf7a94dee581ffa586ac3,10,563695,0.9619327051863152,0.513209437284347,1.2385109412004718,2.675935080140856,1.5585026255333114,1.558580304952146,100665,IntelSkylakeX (06_55H)
aes256gcmdndkv2kc,176,haberdashery,aad,aead,skylakex,e7fc4f661caf38a56ca208074a04e8b21941d5ef234bf7a94dee581ffa586ac3,10,518352,0.8970218465093569,0.4916946026673345,1.1859072117017009,2.611134224865097,1.4939158797321301,1.4939883559294211,97603,IntelSkylakeX (06_55H)
aes256gcmdndkv2kc,192,haberdashery,aad,aead,skylakex,e7fc4f661caf38a56ca208074a04e8b21941d5ef234bf7a94dee581ffa586ac3,10,667262,0.7753565519116429,0.39806391954484643,0.9850585692601507,1.8449659844383965,1.1130471426516122,1.113103170743526,102120,IntelSkylakeX (06_55H)
aes256gcmdndkv2kc,208,haberdashery,aad,aead,skylakex,e7fc4f661caf38a56ca208074a04e8b21941d5ef234bf7a94dee581ffa586ac3,10,602545,0.7258979779358963,0.39313894206433353,0.9657010456288934,1.8502829504594933,1.0455221027219799,1.0455780034303215,93839,IntelSkylakeX (06_55H)
aes256gcmdndkv2kc,224,haberdashery,aad,aead,skylakex,e7fc4f661caf38a56ca208074a04e8b21941d5ef234bf7a94dee581ffa586ac3,10,543733,0.699405840208863,0.3859905570775152,0.9378072591957555,1.8290034634251948,1.0296009090333464,1.029816597221693,89821,IntelSkylakeX (06_55H)
aes256gcmdndkv2kc,240,haberdashery,aad,aead,skylakex,e7fc4f661caf38a56ca208074a04e8b21941d5ef234bf7a94dee581ffa586ac3,10,498244,0.6699039944953343,0.3656481145114977,0.921122733038431,1.8238339130359156,1.0196955875702132,1.0197556485042134,87325,IntelSkylakeX (06_55H)
aes256gcmdndkv2kc,256,haberdashery,aad,aead,skylakex,e7fc4f661caf38a56ca208074a04e8b21941d5ef234bf7a94dee581ffa586ac3,10,524755,0.6312585307667388,0.35229872154624536,0.9065753676120285,1.8288867840706615,1.0405983059951787,1.0406525872788253,100108,IntelSkylakeX (06_55H)
aes256gcmdndkv2kc,384,haberdashery,aad,aead,skylakex,e7fc4f661caf38a56ca208074a04e8b21941d5ef234bf7a94dee581ffa586ac3,10,590408,0.4264086057155955,0.24019172264490543,0.6790075103078436,1.111342610039724,0.6269961831479248,0.6270251885137058,101798,IntelSkylakeX (06_55H)
aes256gcmdndkv2kc,512,haberdashery,aad,aead,skylakex,e7fc4f661caf38a56ca208074a04e8b21941d5ef234bf7a94dee581ffa586ac3,10,449913,0.3494931155440052,0.20867446699417444,0.6213182074576085,1.010284531745582,0.600619461776499,0.6006541038906411,99083,IntelSkylakeX (06_55H)
aes256gcmdndkv2kc,640,haberdashery,aad,aead,skylakex,e7fc4f661caf38a56ca208074a04e8b21941d5ef234bf7a94dee581ffa586ac3,10,382620,0.29975760872406043,0.18753596502404474,0.5876819078001673,0.9591061913582667,0.5602223648789922,0.5602503871334483,98246,IntelSkylakeX (06_55H)
aes256gcmdndkv2kc,768,haberdashery,aad,aead,skylakex,e7fc4f661caf38a56ca208074a04e8b21941d5ef234bf7a94dee581ffa586ac3,10,413298,0.25203232783911367,0.16027391693866572,0.5267505163243793,0.7440574557179888,0.42144795366579724,0.42147051733857893,95799,IntelSkylakeX (06_55H)
aes256gcmdndkv2kc,896,haberdashery,aad,aead,skylakex,e7fc4f661caf38a56ca208074a04e8b21941d5ef234bf7a94dee581ffa586ac3,10,353484,0.23264686750319674,0.1537344884623996,0.5160970138121023,0.7457719595714173,0.43903951578127604,0.4390626465008721,99588,IntelSkylakeX (06_55H)
aes256gcmdndkv2kc,1024,haberdashery,aad,aead,skylakex,e7fc4f661caf38a56ca208074a04e8b21941d5ef234bf7a94dee581ffa586ac3,10,320376,0.21622286379422148,0.14700005935408708,0.5080098389275414,0.7427494008017143,0.41279686675773153,0.4128204169670949,96986,IntelSkylakeX (06_55H)
aes256gcmdndkv2kc,1152,haberdashery,aad,aead,skylakex,e7fc4f661caf38a56ca208074a04e8b21941d5ef234bf7a94dee581ffa586ac3,10,342318,0.193388969243835,0.13356737953939515,0.47629796871784585,0.6225824313739142,0.3564585120576644,0.3564802997910974,100670,IntelSkylakeX (06_55H)
aes256gcmdndkv2kc,1280,haberdashery,aad,aead,skylakex,e7fc4f661caf38a56ca208074a04e8b21941d5ef234bf7a94dee581ffa586ac3,10,307773,0.1856599821540551,0.13150868294164855,0.47356278765112597,0.6307079913605157,0.35455433570358674,0.35457352598343583,100034,IntelSkylakeX (06_55H)
aes256gcmdndkv2kc,1408,haberdashery,aad,aead,skylakex,e7fc4f661caf38a56ca208074a04e8b21941d5ef234bf7a94dee581ffa586ac3,10,255763,0.17791166940150202,0.12882990618445414,0.47173877047660956,0.6417876003059295,0.36629555264763936,0.3663178233542203,94467,IntelSkylakeX (06_55H)
aes256gcmdndkv2kc,1536,haberdashery,aad,aead,skylakex,e7fc4f661caf38a56ca208074a04e8b21941d5ef234bf7a94dee581ffa586ac3,10,254460,0.16432797998293772,0.11992407788797846,0.4509614288386845,0.5608581550964133,0.3160268671484058,0.3160459179078572,88461,IntelSkylakeX (06_55H)
aes256gcmdndkv2kc,1664,haberdashery,aad,aead,skylakex,e7fc4f661caf38a56ca208074a04e8b21941d5ef234bf7a94dee581ffa586ac3,10,251285,0.16052869979076775,0.11959799467276659,0.45086703383072546,0.5732841655429554,0.32688990129197465,0.3269058960022408,97896,IntelSkylakeX (06_55H)
aes256gcmdndkv2kc,1792,haberdashery,aad,aead,skylakex,e7fc4f661caf38a56ca208074a04e8b21941d5ef234bf7a94dee581ffa586ac3,10,225845,0.15648935653956728,0.11805773377284674,0.4510202877961497,0.5848164299827948,0.3298969465467783,0.3299156115683006,95616,IntelSkylakeX (06_55H)
aes256gcmdndkv2kc,1920,haberdashery,aad,aead,skylakex,e7fc4f661caf38a56ca208074a04e8b21941d5ef234bf7a94dee581ffa586ac3,10,219371,0.1467080216467385,0.11201201389427044,0.4358524082300456,0.5244775450796444,0.3036247337083449,0.30364130571041753,91589,IntelSkylakeX (06_55H)
aes256gcmdndkv2kc,2048,haberdashery,aad,aead,skylakex,e7fc4f661caf38a56ca208074a04e8b21941d5ef234bf7a94dee581ffa586ac3,10,218961,0.14483649574724494,0.11206440810592412,0.4366564208352172,0.5359693117260322,0.31063652959316956,0.3106563007010952,99760,IntelSkylakeX (06_55H)
aes256gcmdndkv2kc,2176,haberdashery,aad,aead,skylakex,e7fc4f661caf38a56ca208074a04e8b21941d5ef234bf7a94dee581ffa586ac3,10,180735,0.14245134044156296,0.11132756115144207,0.43766504807168116,0.5488369081967587,0.3184951023109883,0.31851783932927474,89709,IntelSkylakeX (06_55H)
aes256gcmdndkv2kc,2304,haberdashery,aad,aead,skylakex,e7fc4f661caf38a56ca208074a04e8b21941d5ef234bf7a94dee581ffa586ac3,10,199810,0.1350446378921086,0.10661174339580935,0.425685870761251,0.5000190806265953,0.29357516376668946,0.2935897305565287,96791,IntelSkylakeX (06_55H)
aes256gcmdndkv2kc,2432,haberdashery,aad,aead,skylakex,e7fc4f661caf38a56ca208074a04e8b21941d5ef234bf7a94dee581ffa586ac3,10,178165,0.13403735652344737,0.10698056078265712,0.4269336147228988,0.5110006598702859,0.2953167349677339,0.295334625687011,91639,IntelSkylakeX (06_55H)
aes256gcmdndkv2kc,2560,haberdashery,aad,aead,skylakex,e7fc4f661caf38a56ca208074a04e8b21941d5ef234bf7a94dee581ffa586ac3,10,158729,0.13260677396694995,0.10647871627900383,0.428256744789862,0.5228244809155856,0.31950874210131736,0.3195279966168753,92985,IntelSkylakeX (06_55H)
aes256gcmdndkv2kc,2688,haberdashery,aad,aead,skylakex,e7fc4f661caf38a56ca208074a04e8b21941d5ef234bf7a94dee581ffa586ac3,10,165935,0.12676200529251988,0.10264604694968052,0.4184462267030837,0.4815944541178631,0.2760246769030329,0.27604056360996204,88174,IntelSkylakeX (06_55H)
aes256gcmdndkv2kc,2816,haberdashery,aad,aead,skylakex,e7fc4f661caf38a56ca208074a04e8b21941d5ef234bf7a94dee581ffa586ac3,10,163639,0.12616421518417203,0.10329997851770721,0.4198408248735159,0.4920813732375978,0.27751492128737926,0.27753056773668644,91582,IntelSkylakeX (06_55H)
aes256gcmdndkv2kc,2944,haberdashery,aad,aead,skylakex,e7fc4f661caf38a56ca208074a04e8b21941d5ef234bf7a94dee581ffa586ac3,10,158600,0.1253348700757991,0.10291740055649981,0.4213350512637754,0.5030365005962498,0.2856687721023631,0.28568546880996765,95525,IntelSkylakeX (06_55H)
aes256gcmdndkv2kc,3072,haberdashery,aad,aead,skylakex,e7fc4f661caf38a56ca208074a04e8b21941d5ef234bf7a94dee581ffa586ac3,10,156820,0.1207197933604876,0.09972006495305127,0.4132125007970922,0.47201026073550356,0.2872144500196616,0.28722976498400504,99098,IntelSkylakeX (06_55H)
aes256gcmdndkv2kc,3200,haberdashery,aad,aead,skylakex,e7fc4f661caf38a56ca208074a04e8b21941d5ef234bf7a94dee581ffa586ac3,10,155662,0.12031383100885251,0.10034566681335201,0.4144727197389215,0.47793311790931636,0.2740334185607277,0.2740471221299996,97759,IntelSkylakeX (06_55H)
aes256gcmdndkv2kc,3328,haberdashery,aad,aead,skylakex,e7fc4f661caf38a56ca208074a04e8b21941d5ef234bf7a94dee581ffa586ac3,10,134928,0.1195728645199092,0.09995388744367366,0.4173130517365672,0.4891313316710508,0.2954478232407711,0.2954646635969383,95014,IntelSkylakeX (06_55H)
aes256gcmdndkv2kc,3456,haberdashery,aad,aead,skylakex,e7fc4f661caf38a56ca208074a04e8b21941d5ef234bf7a94dee581ffa586ac3,10,135405,0.11506178267324228,0.09802627867426528,0.4098639010950687,0.4606205880814347,0.2706022407742479,0.27061751132063344,90687,IntelSkylakeX (06_55H)
aes256gcmdndkv2kc,3584,haberdashery,aad,aead,skylakex,e7fc4f661caf38a56ca208074a04e8b21941d5ef234bf7a94dee581ffa586ac3,10,131292,0.11551933270809124,0.09821410507481143,0.4116302851114854,0.4692379157207109,0.26809529794003334,0.268110361147018,90351,IntelSkylakeX (06_55H)
aes256gcmdndkv2kc,3712,haberdashery,aad,aead,skylakex,e7fc4f661caf38a56ca208074a04e8b21941d5ef234bf7a94dee581ffa586ac3,10,135399,0.11517887521962547,0.09780856463247449,0.41295966116173627,0.47851446553175786,0.26791255573246986,0.2679270085463882,96436,IntelSkylakeX (06_55H)
aes256gcmdndkv2kc,3840,haberdashery,aad,aead,skylakex,e7fc4f661caf38a56ca208074a04e8b21941d5ef234bf7a94dee581ffa586ac3,10,126965,0.11152207096115728,0.09605398141220022,0.40643659793053205,0.4547668464242114,0.25914936777195813,0.25916482068549074,90488,IntelSkylakeX (06_55H)
aes256gcmdndkv2kc,3968,haberdashery,aad,aead,skylakex,e7fc4f661caf38a56ca208074a04e8b21941d5ef234bf7a94dee581ffa586ac3,10,127662,0.11193598347337046,0.09629610476581052,0.4068562012257923,0.45865992659042704,0.26052055506577093,0.2605343776358034,94514,IntelSkylakeX (06_55H)
aes256gcmdndkv2kc,4096,haberdashery,aad,aead,skylakex,e7fc4f661caf38a56ca208074a04e8b21941d5ef234bf7a94dee581ffa586ac3,10,120551,0.11155109006963339,0.09650249208905878,0.4083095981874373,0.46796122271383067,0.26394091148404,0.26395667973902126,93336,IntelSkylakeX (06_55H)
aes256gcmdndkv2kc,16384,haberdashery,aad,aead,skylakex,e7fc4f661caf38a56ca208074a04e8b21941d5ef234bf7a94dee581ffa586ac3,10,37053,0.08547724487874632,0.08371713349163698,0.38367182024576707,0.3997391023394698,0.23104893072823895,0.23106123889997943,100450,IntelSkylakeX (06_55H)
aes256gcmdndkv2kc,32768,haberdashery,aad,aead,skylakex,e7fc4f661caf38a56ca208074a04e8b21941d5ef234bf7a94dee581ffa586ac3,10,18118,0.08110637098422495,0.08160646815267879,0.3791149091820591,0.3865580804590911,0.23122803771952444,0.23124089963731684,98323,IntelSkylakeX (06_55H)
aes256gcmdndkv2kc,49152,haberdashery,aad,aead,skylakex,e7fc4f661caf38a56ca208074a04e8b21941d5ef234bf7a94dee581ffa586ac3,10,11604,0.07988253442991551,0.08062241300144347,0.37769731839169146,0.3837924200297087,0.24653459102083153,0.24654967974180958,100706,IntelSkylakeX (06_55H)
aes256gcmdndkv2kc,65536,haberdashery,aad,aead,skylakex,e7fc4f661caf38a56ca208074a04e8b21941d5ef234bf7a94dee581ffa586ac3,10,8955,0.07933589353832966,0.08032431887355615,0.3772744183564306,0.3829309477345495,0.22662451321821783,0.22663685997260608,95251,IntelSkylakeX (06_55H)
aes256gcmdndkv2kc,81920,haberdashery,aad,aead,skylakex,e7fc4f661caf38a56ca208074a04e8b21941d5ef234bf7a94dee581ffa586ac3,10,7037,0.07869870791774726,0.08019726194745186,0.3767208375289763,0.38088230243101195,0.24034740756448061,0.24036132326786094,99230,IntelSkylakeX (06_55H)
aes256gcmdndkv2kc,98304,haberdashery,aad,aead,skylakex,e7fc4f661caf38a56ca208074a04e8b21941d5ef234bf7a94dee581ffa586ac3,10,5827,0.07864856998200725,0.07983948525530844,0.37640667338098777,0.3815105702932827,0.24166090636686796,0.2416755637426438,99143,IntelSkylakeX (06_55H)
aes256gcmdndkv2kc,114688,haberdashery,aad,aead,skylakex,e7fc4f661caf38a56ca208074a04e8b21941d5ef234bf7a94dee581ffa586ac3,10,4934,0.07826760327562667,0.07999131186516935,0.3763725929761694,0.3803439744753514,0.24096035724012319,0.24097610642399314,97657,IntelSkylakeX (06_55H)
aes256gcmdndkv2kc,131072,haberdashery,aad,aead,skylakex,e7fc4f661caf38a56ca208074a04e8b21941d5ef234bf7a94dee581ffa586ac3,10,4376,0.07813162341632181,0.0798199303189405,0.37610290429709814,0.379503520358851,0.23552540669275593,0.23553961940395768,96750,IntelSkylakeX (06_55H)
aes256gcmdndkv2kc,262144,haberdashery,aad,aead,skylakex,e7fc4f661caf38a56ca208074a04e8b21941d5ef234bf7a94dee581ffa586ac3,10,2192,0.07780647625888351,0.07937296115568955,0.3756837670820473,0.37806031477712365,0.21781449422349025,0.21782685022284515,89637,IntelSkylakeX (06_55H)
aes256gcmdndkv2kc,393216,haberdashery,aad,aead,skylakex,e7fc4f661caf38a56ca208074a04e8b21941d5ef234bf7a94dee581ffa586ac3,10,1527,0.07805937155186675,0.07882893613737448,0.37544461333369145,0.37814003462043033,0.22433109945460872,0.2243450925069666,96475,IntelSkylakeX (06_55H)
aes256gcmdndkv2kc,524288,haberdashery,aad,aead,skylakex,e7fc4f661caf38a56ca208074a04e8b21941d5ef234bf7a94dee581ffa586ac3,10,1127,0.07810817742199631,0.07878882332829744,0.37547760382096323,0.3794024669711528,0.22896431395726174,0.2289769258135277,96901,IntelSkylakeX (06_55H)
aes256gcmdndkv2kc,655360,haberdashery,aad,aead,skylakex,e7fc4f661caf38a56ca208074a04e8b21941d5ef234bf7a94dee581ffa586ac3,10,905,0.07810446048968404,0.07859404674551106,0.37533328736025984,0.3777471772083261,0.225787269212923,0.2258007306683788,95906,IntelSkylakeX (06_55H)
aes256gcmdndkv2kc,786432,haberdashery,aad,aead,skylakex,e7fc4f661caf38a56ca208074a04e8b21941d5ef234bf7a94dee581ffa586ac3,10,742,0.07809332396035139,0.07854877070917916,0.37529652502123345,0.37823248466498555,0.2285995037836313,0.22861534523085655,95539,IntelSkylakeX (06_55H)
aes256gcmdndkv2kc,917504,haberdashery,aad,aead,skylakex,e7fc4f661caf38a56ca208074a04e8b21941d5ef234bf7a94dee581ffa586ac3,10,684,0.07796610686414522,0.07864468000088519,0.37528241188603834,0.37853849501836867,0.22345034759444998,0.22346618958284384,100435,IntelSkylakeX (06_55H)
aes256gcmdndkv2kc,1048576,haberdashery,aad,aead,skylakex,e7fc4f661caf38a56ca208074a04e8b21941d5ef234bf7a94dee581ffa586ac3,10,609,0.07793706352096082,0.07864893833404692,0.3752707448498956,0.37814530558969783,0.22966247082539576,0.22968009422565328,105037,IntelSkylakeX (06_55H)
